
SPAN LENGTH BY STANDARD NDS METHOD
---- ------ -- -------- --- ------

The standard NDS joist check limits the deflection/span
for a given weight per square foot.

Given this, our procedure here is:

    Hold deflection/span and weight per square foot
    constant and compute how the span changes when the
    boardwalk section parameters change relative to the
    reference boardwalk section.

According to the NDS equations for joists, for fixed
weight per square foot:

    deflection/span is directly proportional to:
        the cube of the span
        and
        the length of the tread
    and inversely proportional to:
        the actual width of the stringer
        and
        the cube of the actual height of the stringer
        and
        the number of stringers
        and
        the elastic modulus of the wood

For symplicity of output, we set:

H = effective height of stringers
  = actual height of a stringer if NOT truss
  = sum of actual heights of `stringers' if truss

W = sum of actual widths of stringers
    times reference tread length / tread length
    times elastic modulus / reference elastic modulue


Reference Section Values:

span = 8ft
cross section = 2x8, actual 1.50in x 7.25in
number of stringers = 2
tread length = 36in
elastic modulus = 1600000 for No 1 Standard
W = 3.0
H = 7.25


                          SPAN LENGTH IN FEET
                                   W
   H    3.00  3.50  4.00  4.50  5.00  5.50  6.00  6.50  7.00  7.50
  3.00  4.17  4.39  4.59  4.77  4.94  5.10  5.25  5.40  5.53  5.66
  3.50  4.87  5.12  5.36  5.57  5.77  5.96  6.13  6.30  6.45  6.60
  4.00  5.56  5.85  6.12  6.37  6.59  6.81  7.01  7.20  7.38  7.55
  4.50  6.26  6.59  6.89  7.16  7.42  7.66  7.88  8.10  8.30  8.49
  5.00  6.95  7.32  7.65  7.96  8.24  8.51  8.76  8.99  9.22  9.43
  5.50  7.65  8.05  8.42  8.75  9.07  9.36  9.63  9.89 10.14 10.38
  6.00  8.34  8.78  9.18  9.55  9.89 10.21 10.51 10.79 11.06 11.32
  6.50  9.04  9.51  9.95 10.34 10.71 11.06 11.39 11.69 11.99 12.26
  7.00  9.73 10.24 10.71 11.14 11.54 11.91 12.26 12.59 12.91 13.21
  7.50 10.43 10.98 11.48 11.94 12.36 12.76 13.14 13.49 13.83 14.15
  8.00 11.12 11.71 12.24 12.73 13.19 13.61 14.01 14.39 14.75 15.09
  8.50 11.82 12.44 13.01 13.53 14.01 14.46 14.89 15.29 15.67 16.04
  9.00 12.51 13.17 13.77 14.32 14.83 15.31 15.76 16.19 16.60 16.98
  9.50 13.21 13.90 14.54 15.12 15.66 16.16 16.64 17.09 17.52 17.93
 10.00 13.90 14.64 15.30 15.91 16.48 17.02 17.52 17.99 18.44 18.87
 10.50 14.60 15.37 16.07 16.71 17.31 17.87 18.39 18.89 19.36 19.81
 11.00 15.29 16.10 16.83 17.51 18.13 18.72 19.27 19.79 20.28 20.76
 11.50 15.99 16.83 17.60 18.30 18.96 19.57 20.14 20.69 21.21 21.70
 12.00 16.68 17.56 18.36 19.10 19.78 20.42 21.02 21.59 22.13 22.64
 12.50 17.38 18.29 19.13 19.89 20.60 21.27 21.90 22.49 23.05 23.59
 13.00 18.07 19.03 19.89 20.69 21.43 22.12 22.77 23.39 23.97 24.53
 13.50 18.77 19.76 20.66 21.48 22.25 22.97 23.65 24.29 24.89 25.47
 14.00 19.46 20.49 21.42 22.28 23.08 23.82 24.52 25.19 25.82 26.42
 14.50 20.16 21.22 22.19 23.08 23.90 24.67 25.40 26.09 26.74 27.36
 15.00 20.85 21.95 22.95 23.87 24.72 25.52 26.27 26.98 27.66 28.30
 15.50 21.55 22.69 23.72 24.67 25.55 26.37 27.15 27.88 28.58 29.25
 16.00 22.24 23.42 24.48 25.46 26.37 27.22 28.03 28.78 29.50 30.19
 16.50 22.94 24.15 25.25 26.26 27.20 28.08 28.90 29.68 30.43 31.13
 17.00 23.63 24.88 26.01 27.05 28.02 28.93 29.78 30.58 31.35 32.08
 17.50 24.33 25.61 26.78 27.85 28.85 29.78 30.65 31.48 32.27 33.02
 18.00 25.02 26.34 27.54 28.65 29.67 30.63 31.53 32.38 33.19 33.96
 18.50 25.72 27.08 28.31 29.44 30.49 31.48 32.40 33.28 34.11 34.91
 19.00 26.41 27.81 29.07 30.24 31.32 32.33 33.28 34.18 35.04 35.85
 19.50 27.11 28.54 29.84 31.03 32.14 33.18 34.16 35.08 35.96 36.79
 20.00 27.81 29.27 30.60 31.83 32.97 34.03 35.03 35.98 36.88 37.74
 20.50 28.50 30.00 31.37 32.62 33.79 34.88 35.91 36.88 37.80 38.68
 21.00 29.20 30.73 32.13 33.42 34.61 35.73 36.78 37.78 38.72 39.62
 21.50 29.89 31.47 32.90 34.22 35.44 36.58 37.66 38.68 39.65 40.57
 22.00 30.59 32.20 33.66 35.01 36.26 37.43 38.54 39.58 40.57 41.51
 22.50 31.28 32.93 34.43 35.81 37.09 38.28 39.41 40.48 41.49 42.45

                          SPAN LENGTH IN FEET
                                   W
   H    8.00  8.50  9.00  9.50 10.00 10.50 11.00 11.50 12.00 12.50
  3.00  4.17  4.39  4.59  4.77  4.94  5.10  5.25  5.40  5.53  5.66
  3.50  4.87  5.12  5.36  5.57  5.77  5.96  6.13  6.30  6.45  6.60
  4.00  5.56  5.85  6.12  6.37  6.59  6.81  7.01  7.20  7.38  7.55
  4.50  6.26  6.59  6.89  7.16  7.42  7.66  7.88  8.10  8.30  8.49
  5.00  6.95  7.32  7.65  7.96  8.24  8.51  8.76  8.99  9.22  9.43
  5.50  7.65  8.05  8.42  8.75  9.07  9.36  9.63  9.89 10.14 10.38
  6.00  8.34  8.78  9.18  9.55  9.89 10.21 10.51 10.79 11.06 11.32
  6.50  9.04  9.51  9.95 10.34 10.71 11.06 11.39 11.69 11.99 12.26
  7.00  9.73 10.24 10.71 11.14 11.54 11.91 12.26 12.59 12.91 13.21
  7.50 10.43 10.98 11.48 11.94 12.36 12.76 13.14 13.49 13.83 14.15
  8.00 11.12 11.71 12.24 12.73 13.19 13.61 14.01 14.39 14.75 15.09
  8.50 11.82 12.44 13.01 13.53 14.01 14.46 14.89 15.29 15.67 16.04
  9.00 12.51 13.17 13.77 14.32 14.83 15.31 15.76 16.19 16.60 16.98
  9.50 13.21 13.90 14.54 15.12 15.66 16.16 16.64 17.09 17.52 17.93
 10.00 13.90 14.64 15.30 15.91 16.48 17.02 17.52 17.99 18.44 18.87
 10.50 14.60 15.37 16.07 16.71 17.31 17.87 18.39 18.89 19.36 19.81
 11.00 15.29 16.10 16.83 17.51 18.13 18.72 19.27 19.79 20.28 20.76
 11.50 15.99 16.83 17.60 18.30 18.96 19.57 20.14 20.69 21.21 21.70
 12.00 16.68 17.56 18.36 19.10 19.78 20.42 21.02 21.59 22.13 22.64
 12.50 17.38 18.29 19.13 19.89 20.60 21.27 21.90 22.49 23.05 23.59
 13.00 18.07 19.03 19.89 20.69 21.43 22.12 22.77 23.39 23.97 24.53
 13.50 18.77 19.76 20.66 21.48 22.25 22.97 23.65 24.29 24.89 25.47
 14.00 19.46 20.49 21.42 22.28 23.08 23.82 24.52 25.19 25.82 26.42
 14.50 20.16 21.22 22.19 23.08 23.90 24.67 25.40 26.09 26.74 27.36
 15.00 20.85 21.95 22.95 23.87 24.72 25.52 26.27 26.98 27.66 28.30
 15.50 21.55 22.69 23.72 24.67 25.55 26.37 27.15 27.88 28.58 29.25
 16.00 22.24 23.42 24.48 25.46 26.37 27.22 28.03 28.78 29.50 30.19
 16.50 22.94 24.15 25.25 26.26 27.20 28.08 28.90 29.68 30.43 31.13
 17.00 23.63 24.88 26.01 27.05 28.02 28.93 29.78 30.58 31.35 32.08
 17.50 24.33 25.61 26.78 27.85 28.85 29.78 30.65 31.48 32.27 33.02
 18.00 25.02 26.34 27.54 28.65 29.67 30.63 31.53 32.38 33.19 33.96
 18.50 25.72 27.08 28.31 29.44 30.49 31.48 32.40 33.28 34.11 34.91
 19.00 26.41 27.81 29.07 30.24 31.32 32.33 33.28 34.18 35.04 35.85
 19.50 27.11 28.54 29.84 31.03 32.14 33.18 34.16 35.08 35.96 36.79
 20.00 27.81 29.27 30.60 31.83 32.97 34.03 35.03 35.98 36.88 37.74
 20.50 28.50 30.00 31.37 32.62 33.79 34.88 35.91 36.88 37.80 38.68
 21.00 29.20 30.73 32.13 33.42 34.61 35.73 36.78 37.78 38.72 39.62
 21.50 29.89 31.47 32.90 34.22 35.44 36.58 37.66 38.68 39.65 40.57
 22.00 30.59 32.20 33.66 35.01 36.26 37.43 38.54 39.58 40.57 41.51
 22.50 31.28 32.93 34.43 35.81 37.09 38.28 39.41 40.48 41.49 42.45
